################################################################################
################ 가안으로 만든 gross_ia.RData 에서 데이터 프로세싱 #############
################################################################################

##### 잘못된 데이터 필터링 #####
filter <- c("00100258_2008", "00100258_2009", "00100258_2010", "00100258_2011", "00100258_2012",
            "00100939_2004", "00100939_2005", "00100939_2006", 
            "00101433_2004", "00101433_2005", "00101433_2006", "00101433_2007", 
            "00101433_2008", "00101433_2009", "00101433_2010", "00101433_2011", 
            "00101433_2012", "00101433_2013", "00101433_2014", "00101433_2015",
            "00101433_2016", "00101433_2017", "00101433_2018",
            "00101628_2004", "00101628_2005", "00101628_2006", "00101628_2007",
            "00101628_2008", "00101628_2009", 
            "00101992_2004", "00101992_2005", 
            "00102122_2004", "00102122_2005", "00102122_2006", "00102122_2007",
            "00102760_2004", "00102760_2019",
            "00103006_2019",
            "00103510_2010", 
            "00103662_2008", 
            "00104102_2004", 
            "00104519_2004",
            "00104698_2006", 
            "00104722_2004", "00104722_2005", "00104722_2006", 
            "00104786_2007", 
            "00104892_2007",
            "00104999_2004", "00104999_2005", "00104999_2006", "00104999_2007", 
            "00104999_2008", "00104999_2009", "00104999_2010", "00104999_2011",
            "00104999_2012", "00104999_2013", "00104999_2014", "00104999_2015", 
            "00104999_2016", "00104999_2017", "00104999_2018", "00104999_2019",
            "00104999_2020",
            "00105174_2012",
            
            )